110653
201645
198419
234979
238616
461856
139755
476610
166805
487092
132408
110644
154855
151652
454227
209542
194824
153311
139250
126775
186371
224776
160755
208318
179867
233921
128106
482431
155399
195003
103963
228246
196097
126614
168148
188687
181145
110635
204714
228644
179308
148511
176372
135364
199847
211440
139214
215381
131496
188030
165015
207290
171100
230764
201061
153162
211024
181783
102614
243744
178411
173559
106458
432524
221625
145600
486947
186131
166027
182670
180249
206932
428259
228769
213525
233338
151102
163268
145497
214795
180106
221999
110705
110671
145637
164872
228778
185828
199120
110592
232186
132693
454236
212054
187532
476814
417868
448886
133951
110714
139621
162779
100830
131469
171128
218335
162928
483036
181464
181428
189574
156408
206932
240514
142522
240444
122409
195003
219347
114390
207254
126748
110583
145725
159391
199193
224776
230861
128771
153603
130794
126614
176965
199148
157058
166683
209807
134079
163578
458496
164872
237011
110404
483036
218335
217882
171571
228796
445133
216339
484905
163286
232982
262466
375540
209490
